image_width: 320
image_height: 240
camera_name: camera
camera_matrix:
  rows: 3
  cols: 3
  data: [340.916411, 0.000000, 151.304417, 0.000000, 350.358870, 123.051925, 0.000000, 0.000000, 1.000000]
distortion_model: plumb_bob
distortion_coefficients:
  rows: 1
  cols: 5
  data: [0.107986, -0.444918, -0.005014, -0.012269, 0.000000]
rectification_matrix:
  rows: 3
  cols: 3
  data: [1.000000, 0.000000, 0.000000, 0.000000, 1.000000, 0.000000, 0.000000, 0.000000, 1.000000]
projection_matrix:
  rows: 3
  cols: 4
  data: [339.540802, 0.000000, 147.574226, 0.000000, 0.000000, 352.810455, 121.881920, 0.000000, 0.000000, 0.000000, 1.000000, 0.000000]
